1.000 0.360 0.349 0.354 0.338 0.415 0.292
0.360 1.000 0.407 0.370 0.412 0.285 0.454
0.349 0.407 1.000 0.450 0.390 0.448 0.451
0.354 0.370 0.450 1.000 0.343 0.535 0.535
0.338 0.412 0.390 0.343 1.000 0.273 0.412
0.415 0.285 0.448 0.535 0.273 1.000 0.270
0.292 0.454 0.451 0.535 0.412 0.270 1.000
